0.1254166667
0.7083333333
0.4937500000
0.8841666667
0.5441666667
0.6895833333
0.0720833333
0.4550000000
0.3425000000
0.6579166667
0.8454166667
0.6683333333
0.4675000000
0.3616666667
0.6841666667
0.4870833333
0.6033333333
0.2954166667
0.7245833333
0.8750000000
0.3395833333
0.4254166667
0.2258333333
0.3054166667
0.2904166667
0.4070833333
0.1512500000
0.9041666667
0.5395833333
0.8195833333
0.4145833333
0.7941666667
0.7408333333
0.7154166667
0.7233333333
0.6362500000
0.3312500000
0.4320833333
0.9350000000
0.3175000000
0.2504166667
0.8758333333
0.3970833333
0.3595833333
0.1379166667
0.8695833333
0.1495833333
0.2495833333
0.9404166667
0.4654166667
0.4695833333
0.4779166667
0.8466666667
0.7787500000
0.2387500000
0.2816666667
0.2025000000
0.6987500000
0.3500000000
0.2725000000
0.5733333333
0.7370833333
0.6629166667
0.2929166667
0.1804166667
0.7554166667
0.3020833333
0.1845833333
0.2050000000
0.2241666667
0.3062500000
0.8408333333
0.2766666667
0.5466666667
0.3866666667
0.7637500000
0.8695833333
0.8491666667
0.1687500000
0.5737500000
0.1779166667
0.7783333333
0.1645833333
0.8654166667
0.2525000000
0.1795833333
0.3937500000
0.2866666667
0.9208333333
0.6720833333
0.4404166667
0.7825000000
0.7087500000
0.8929166667
0.6708333333
0.6800000000
0.2054166667
0.2562500000
0.7491666667
0.8637500000
0.1883333333
0.7929166667
0.7070833333
0.5812500000
0.4350000000
0.3495833333
0.7929166667
0.2816666667
0.8183333333
0.3775000000
0.4004166667
0.4750000000
0.6241666667
0.9533333333
0.6641666667
0.5133333333
0.8329166667
0.2145833333
0.1816666667
0.9208333333
0.5304166667
0.7537500000
0.7704166667
0.5666666667
0.5129166667
0.9504166667
0.3516666667
0.4058333333
0.4970833333
0.7991666667
0.2095833333
0.6720833333
0.1720833333
0.3195833333
0.3733333333
0.4162500000
0.6737500000
0.1775000000
0.4279166667
0.2508333333
0.3375000000
0.7408333333
0.3375000000
0.2766666667
0.1841666667
0.6545833333
0.8433333333
0.5629166667
0.9212500000
0.3579166667
0.8125000000
0.7095833333
0.5458333333
0.4462500000
0.4408333333
0.1470833333
0.2816666667
0.7683333333
0.4466666667
0.0433333333
0.3212500000
0.4570833333
0.1108333333
0.1495833333
0.8004166667
0.5941666667
0.5991666667
0.7941666667
0.2695833333
0.8508333333
0.6466666667
0.7662500000
0.5462500000
0.1570833333
0.2491666667
0.2279166667
0.5625000000
0.4316666667
0.2408333333
0.8879166667
0.3425000000
0.2295833333
0.4904166667
0.7612500000
0.8250000000
0.7016666667
0.6445833333
0.1441666667
0.3529166667
0.7945833333
0.7470833333
0.2350000000
0.5283333333
0.5720833333
0.4800000000
0.3304166667
0.5741666667
0.9116666667
0.4462500000
0.1162500000
0.7916666667
0.2870833333
0.3820833333
0.5400000000
0.2595833333
0.9375000000
0.2633333333
0.4491666667
0.6908333333
0.5725000000
0.5591666667
0.2487500000
0.2733333333
0.7825000000
0.8737500000
0.8958333333
0.2495833333
0.6795833333
0.2312500000
0.1941666667
0.8070833333
0.2608333333
0.3279166667
0.7454166667
0.7483333333
0.9095833333
0.7658333333
0.5908333333
0.8725000000
0.9375000000
0.3558333333
0.6379166667
0.1066666667
0.2141666667
0.4212500000
0.6491666667
0.2562500000
0.2608333333
0.9066666667
0.3712500000
0.1670833333
0.7237500000
0.6383333333
0.4550000000
0.2345833333
0.2483333333
0.3037500000
0.7058333333
0.2937500000
0.8500000000
0.7425000000
0.1795833333
0.3154166667
0.8966666667
0.2745833333
0.3550000000
0.6029166667
0.5129166667
0.5383333333
0.8025000000
0.5308333333
0.4350000000
0.5829166667
0.2179166667
0.3720833333
0.8962500000
0.3779166667
0.2533333333
0.4916666667
0.5462500000
0.6279166667
0.2762500000
0.3279166667
0.5975000000
0.3912500000
0.1837500000
0.2812500000
0.3191666667
0.6616666667
0.4066666667
0.1520833333
0.9054166667
0.5075000000
0.7929166667
0.2662500000
0.3245833333
0.1066666667
0.9166666667
0.7508333333
0.5683333333
0.4283333333
0.1975000000
0.2416666667
0.6733333333
0.1545833333
0.6804166667
0.6954166667
0.2775000000
0.2866666667
0.7500000000
0.7675000000
0.2379166667
0.6116666667
0.2358333333
0.8758333333
0.9095833333
0.5904166667
0.7937500000
0.7175000000
0.8050000000
0.3133333333
0.5116666667
0.0454166667
0.3058333333
0.2579166667
0.2650000000
0.1954166667
0.1758333333
0.3062500000
0.1829166667
0.4925000000
0.6800000000
0.2250000000
0.2583333333
0.1533333333
0.5166666667
0.2491666667
0.3245833333
0.3470833333
0.2633333333
0.2275000000
0.2741666667
0.2066666667
0.1687500000
0.2545833333
0.6754166667
0.4220833333
0.7545833333
0.2575000000
0.2308333333
0.6391666667
0.4341666667
0.0800000000
0.3879166667
0.1208333333
0.6687500000
0.4291666667
0.3720833333
0.3150000000
0.7370833333
0.4650000000
0.8341666667
0.2341666667
0.2358333333
0.2587500000
0.6658333333
0.3158333333
0.3237500000
0.5129166667
0.8829166667
0.8141666667
0.9354166667
0.3008333333
0.8283333333
0.2370833333
0.2304166667
0.6291666667
0.1550000000
0.9491666667
0.5016666667
0.5145833333
0.6800000000
0.3366666667
0.2887500000
0.4533333333
0.4595833333
0.2329166667
0.7500000000
0.9212500000
0.2570833333
0.0704166667
0.6520833333
0.3687500000
0.2570833333
0.3279166667
0.6600000000
0.5270833333
0.4091666667
0.8362500000
0.3183333333
0.1695833333
0.3637500000
0.7825000000
0.7850000000
0.8370833333
0.1379166667
0.6320833333
0.1720833333
0.3083333333
0.6629166667
0.6095833333
0.1770833333
0.1533333333
0.3037500000
0.3058333333
0.8108333333
0.3100000000
0.5966666667
0.2450000000
0.3050000000
0.8812500000
0.3220833333
0.6800000000
0.1354166667
0.8129166667
0.5441666667
0.2033333333
0.3050000000
0.8554166667
0.7458333333
0.2387500000
0.2987500000
0.5804166667
0.5600000000
0.2550000000
0.7679166667
0.6866666667
0.5266666667
0.4541666667
0.7737500000
0.7454166667
0.3437500000
0.7275000000
0.8329166667
0.6137500000
0.2620833333
0.2312500000
0.1991666667
0.0825000000
0.8562500000
0.7495833333
0.6445833333
0.2620833333
0.1733333333
0.3866666667
0.6625000000
0.9425000000
0.4050000000
0.8287500000
0.7104166667
0.3487500000
0.2941666667
0.6779166667
0.4962500000
0.1112500000
0.2562500000
0.0616666667
0.5245833333
0.5950000000
0.7158333333
0.9025000000
0.2020833333
0.1087500000
0.1012500000
0.5750000000
0.6137500000
0.6175000000
0.8820833333
0.0762500000
0.7345833333
0.3770833333
0.8554166667
0.6520833333
0.3283333333
0.5237500000
0.9120833333
0.6062500000
0.3187500000
0.4254166667
0.2991666667
0.5962500000
0.4812500000
0.4470833333
0.8466666667
0.2929166667
0.3062500000
0.8470833333
0.4212500000
0.1595833333
0.7266666667
0.4862500000
0.7650000000
0.6562500000
0.2108333333
0.5425000000
0.2483333333
0.2945833333
0.7708333333
0.3841666667
0.1258333333
